Number of data: 349
Speed		Altitude	CPA		TBH
202.5625	10972	0.736157537	433.085571
202.5625	10972	0.738618672	423.00351
202.5625	10972	0.753064394	423.772125
202.5625	10972	0.74813652	417.793732
202.5625	10972	0.737191021	410.872345
202.5625	10972	0.739737153	407.930542
202.5625	10972	0.733794689	398.031708
202.5625	10972	0.732401192	393.612671
202.5625	10972	0.745670497	388.804108
202.5625	10972	0.738058329	377.955963
202.5625	10972	0.723550081	349.745789
202.5625	10972	0.729245901	346.668671
202.5625	10972	0.722235143	340.289612
202.5625	10972	0.729576051	338.227905
202.5625	10972	0.724321902	332.332947
202.5625	10972	0.723668933	327.92337
202.5625	10972	0.712580144	320.975494
202.5625	10972	0.721565485	319.467743
202.5625	10972	0.723893404	315.39566
202.5625	10972	0.712516189	304.360565
202.5625	10972	0.718178809	301.621094
202.5625	10972	0.716563225	292.717255
202.5625	10972	0.724738419	285.87796
202.5625	10972	0.724901915	277.59201
202.5625	10972	0.722877383	272.511993
202.5625	10972	0.724574745	268.775543
202.5625	10972	0.722788572	263.970795
202.5625	10972	0.717868924	258.442688
202.5625	10972	0.714709222	253.580185
202.5625	10972	0.718456209	250.678116
202.5625	10972	0.722942829	238.543839
202.5625	10972	0.721844554	233.813431
202.5625	10972	0.720758438	224.846893
202.5625	10972	0.719559908	220.39061
202.5625	10972	0.721690714	212.274353
202.5625	10972	0.72302407	208.237946
202.5625	10972	0.721736491	203.398819
202.5625	10972	0.722847939	199.513611
202.5625	10972	0.722367704	195.038681
202.5625	10972	0.72122407	190.521667
202.5625	10972	0.7226125	186.832016
202.5625	10972	0.720283926	177.520538
202.5625	10972	0.715382814	172.145187
202.5625	10972	0.712767839	166.903305
206.179688	10972	0.552550972	142.970596
209.796875	10972	0.499709666	132.147644
213.414063	10972	0.461571306	123.001175
213.414063	10972	0.433096021	116.928543
213.414063	10972	0.396883518	105.503876
220.648438	10972	0.1841667	91.7020187
224.265625	10972	0.122486331	84.7863388
224.265625	10972	0.0836548507	79.7931442
227.882813	10972	0.0616967231	73.6715088
227.882813	10972	0.0294547975	59.3026085
227.882813	10972	0.0231158827	54.5312767
227.882813	10972	0.0225538649	50.3538055
227.882813	10972	0.0156377964	36.0749893
227.882813	10972	0.0145661086	31.3591347
227.882813	10972	0.0148735801	27.0984097
227.882813	10972	0.0141560426	22.1501389
227.882813	10972	0.0131070223	17.6729565
224.265625	10972	0.0133943204	8.53854847
224.265625	10972	0.0121382074	0
224.265625	10972	0.0114781912	0
224.265625	10972	0.0099794874	0
224.265625	10972	0.00946208835	0
224.265625	10942	0.00966308825	0
224.265625	10942	0.00896945968	0
224.265625	10942	0.00923909619	0
224.265625	10942	0.00839983579	0
224.265625	10942	0.00746759074	0
224.265625	10942	0.00824660063	0
224.265625	10942	0.00757092284	0
224.265625	10942	0.00711012585	0
224.265625	10942	0.0077661653	0
224.265625	10942	0.00824493356	0
224.265625	10942	0.00812525395	0
224.265625	10942	0.00864636432	0
224.265625	10942	0.00921386108	0
224.265625	10942	0.00856713858	0
224.265625	10942	0.00851267017	0
224.265625	10942	0.00865177251	0
224.265625	10942	0.00857952796	0
224.265625	10942	0.00864331238	0
224.265625	10942	0.00903081056	0
224.265625	10942	0.00949710235	0
224.265625	10942	0.00888413657	0
224.265625	10942	0.00963865221	0
227.882813	10942	0.00944126118	0
227.882813	10972	0.0105079412	0
227.882813	10972	0.0108794672	0
227.882813	10972	0.0107057979	0
227.882813	10972	0.0102095297	0
227.882813	10972	0.0107456036	0
224.265625	10972	0.00980199315	0
224.265625	10972	0.0111186234	0
224.265625	10972	0.0107017495	0
227.882813	10972	0.0122124106	0
227.882813	10972	0.0124086868	0
227.882813	10972	0.0117152911	0
227.882813	10972	0.0124300867	0
224.265625	10972	0.0123304762	0
224.265625	10972	0.0122717991	0
224.265625	10972	0.0122357765	0
224.265625	10972	0.0114564355	0
224.265625	10972	0.0125913145	0
224.265625	10972	0.0117840767	0
224.265625	10972	0.0115669454	0
224.265625	10972	0.0116403075	0
224.265625	10972	0.0116606429	0
224.265625	10972	0.00958608557	0
224.265625	10972	0.00973079912	0
224.265625	10972	0.00895698834	0
224.265625	10972	0.00797746703	0
227.882813	10972	0.00363810244	0
220.648438	10972	0.0143625746	0
217.03125	10972	0.0131161157	0
220.648438	10972	0.0151062133	0
220.648438	10972	0.0154828615	0
220.648438	10972	0.0164658427	0
220.648438	10972	0.0111047477	0
220.648438	10972	0.011493315	0
220.648438	10972	0.0107873036	0
220.648438	10972	0.00991650298	0
220.648438	10972	0.0100916596	0
220.648438	10972	0.0102303205	0
220.648438	10972	0.0104456795	0
220.648438	10972	0.010358505	0
220.648438	10972	0.00296975113	0
220.648438	10972	3.624077e-005	0
220.648438	10972	0.0040291287	0
220.648438	10972	0.00651177391	0
220.648438	10972	0.00623654481	0
224.265625	10972	0.00833694078	0
224.265625	10972	0.00710846623	0
220.648438	10972	0.00514599215	0
220.648438	10972	0.00565446913	0
220.648438	10972	0.00515826885	0
220.648438	10972	0.0056769154	0
220.648438	10972	0.00690408703	0
220.648438	10972	0.00602885475	0
220.648438	10972	0.006821285	0
220.648438	10972	0.00520748319	0
220.648438	10972	0.00991162751	0
224.265625	10972	0.0114338873	0
224.265625	10972	0.00926724263	0
224.265625	10972	0.00748694222	0
224.265625	10972	0.00947169773	0
220.648438	10972	0.00248809555	0
220.648438	10972	0.0034380022	0
220.648438	10972	0.00184690289	0
220.648438	10972	0.0026069961	0
220.648438	10972	0.00396048743	0
224.265625	10972	0.00544156507	0
224.265625	10972	0.0048471177	0
224.265625	10972	0.00127545313	0
224.265625	10972	0.00285605155	0
224.265625	10972	0.0020111124	0
224.265625	10972	0.00119611865	0
220.648438	10972	0.00144980953	0
224.265625	10972	0.00309512089	0
224.265625	10972	0.00174168393	0
224.265625	10972	0.00115623209	0
224.265625	10972	0.0023512654	0
224.265625	10972	0.00327151618	0
224.265625	10972	0.00322419452	0
224.265625	10972	0.00262279296	0
224.265625	10972	0.00327653205	0
224.265625	10972	0.00397365727	0
224.265625	10972	0.0039522429	0
224.265625	10972	0.00154004933	0
224.265625	10972	0.00520477397	0
224.265625	10972	0.00116639829	0
224.265625	10972	0.00387843652	0
224.265625	10972	0.00386290927	0
224.265625	10972	0.000657523866	0
224.265625	10972	0.00487120496	0
224.265625	10972	0.00353893521	0
224.265625	10972	0.00237779785	0
224.265625	10972	0.00377262011	0
224.265625	10972	0.00378142437	0
224.265625	10972	0.00436070515	0
224.265625	10972	0.00498915184	0
224.265625	10972	0.00192559336	0
224.265625	10972	0.0053149974	0
224.265625	10972	0.00646084035	0
224.265625	10972	0.00484354841	0
224.265625	10972	0.00317419507	0
224.265625	10972	0.0026648296	0
224.265625	10972	0.0046107294	0
224.265625	10972	0.00461630663	0
224.265625	10972	0.00407696469	0
224.265625	10972	0.00506528094	0
224.265625	10972	0.00470950734	0
224.265625	10972	0.00495455135	0
224.265625	10972	0.00220170966	0
224.265625	10972	0.00295065553	0
224.265625	10972	0.00407245569	0
227.882813	10972	0.00286863442	0
224.265625	10972	0.00566956308	0
224.265625	10972	0.00105605624	0
224.265625	10972	0.00206540921	0
224.265625	10972	0.00425517559	0
224.265625	10972	0.00610790635	0
224.265625	10972	0.00636621052	0
224.265625	10972	0.00520099187	0
224.265625	10972	0.00291610113	0
224.265625	10972	0.00174208137	0
224.265625	10972	0.0068511134	0
224.265625	10972	0.00131782505	0
224.265625	10972	0.00454874523	0
224.265625	10972	0.00325076701	0
224.265625	10972	0.00440446241	0
224.265625	10972	0.00306116301	0
224.265625	10972	0.00551002519	0
224.265625	10972	0.0065181586	0
227.882813	10972	0.00479132961	0
227.882813	10972	0.00337782735	0
227.882813	10972	0.000231997314	0
227.882813	10972	0.000945387874	0
227.882813	10972	0.000257879467	0
227.882813	10972	0.0054986719	0
227.882813	10972	0.0129729854	0
227.882813	10972	0.00631684391	0
227.882813	10972	0.00521687837	0
227.882813	10972	0.00594908278	0
224.265625	10972	0.00938649848	0
224.265625	10972	0.0085507296	0
224.265625	10972	0.0132334474	0
227.882813	10972	0.0073751118	0
224.265625	10972	0.00841959566	0
224.265625	10972	0.011453337	0
224.265625	10972	0.0154809672	0
224.265625	10972	0.0128994267	0
224.265625	10972	0.00677325204	0
224.265625	10972	0.00634573866	0
224.265625	10972	0.00770753855	0
224.265625	10972	0.00409720186	0
224.265625	10972	0.00274667027	0
224.265625	10972	0.00494446093	0
224.265625	10972	0.0032093951	0
224.265625	10972	0.00135160016	0
224.265625	10972	0.00269555883	0
224.265625	10972	0.00671143318	0
224.265625	10972	0.000356703124	0
224.265625	10972	0.00320791826	0
224.265625	10972	0.00236363127	0
227.882813	10972	0.0179382879	0
224.265625	10972	0.0170469955	0
224.265625	10972	0.012808145	0
224.265625	10972	0.0106291138	0
224.265625	10972	0.00450570835	0
224.265625	10972	0.000362275692	0
224.265625	10972	0.00455426518	0
224.265625	10972	0.00697811646	0
224.265625	10972	0.0132714873	0
224.265625	10972	0.0225755014	0
224.265625	10972	0.0302776936	0
224.265625	10972	0.0253208634	0
224.265625	10972	0.0153975971	0
224.265625	10972	0.0113640754	0
224.265625	10972	0.022630671	0
224.265625	10972	0.0247729402	0
224.265625	10972	0.0228061043	0
227.882813	10972	0.0055521871	0
227.882813	10972	0.000821560912	0
227.882813	10972	0.00234162714	0
227.882813	10972	0.0106548741	0
227.882813	10972	0.00161592872	0
227.882813	10972	0.000639501726	0
227.882813	10972	0.00594616868	0
227.882813	10972	0.00451398408	0
227.882813	10972	0.00896989647	0
227.882813	10972	0.00529639237	0
227.882813	10972	0.0115209464	0
227.882813	10972	0.0104829343	0
224.265625	10972	0.00590311224	0
224.265625	10972	0.00680321176	0
224.265625	10972	0.0179244839	0
224.265625	10972	0.0210565291	0
224.265625	10972	0.0338623524	4.10271645
224.265625	10972	0.0418857895	9.03694248
224.265625	10972	0.0240177549	18.9228725
224.265625	10972	0.00949582271	23.9243603
224.265625	10972	0.00790636707	28.8845654
224.265625	10972	0.00912408344	32.9278297
224.265625	10972	0.00558268419	43.4468002
224.265625	10972	0.00486288453	51.7377701
224.265625	10972	0.00248950487	56.0367088
224.265625	10972	0.00029664475	61.6281586
224.265625	10972	0.0130631616	66.3834457
224.265625	10972	0.00931942184	70.6656952
224.265625	10972	0.00584066799	80.4226761
224.265625	10972	0.00491852127	85.8515396
224.265625	10972	0.0159565527	90.0986099
224.265625	10972	0.0178619139	93.9856644
224.265625	10972	0.0123054385	113.742317
224.265625	10972	0.0101082008	117.520142
224.265625	10972	0.0378978588	122.352348
224.265625	10972	0.0288624428	127.841225
224.265625	10972	0.00817255955	132.713913
224.265625	10972	0.00740001397	137.360489
224.265625	10972	0.0182593148	142.134827
224.265625	10972	0.00400779955	146.005234
224.265625	10972	0.00843284838	151.368088
224.265625	10972	0.0221035667	160.356079
224.265625	10972	0.0381402075	165.123322
224.265625	10972	0.0231654532	170.566391
224.265625	10972	0.00213557086	175.24472
224.265625	10972	0.0073202434	179.376541
224.265625	10972	0.00799457636	184.407593
224.265625	10972	0.00439178245	193.860565
224.265625	10972	0.00149600476	198.50853
224.265625	10972	0.0025677036	203.375443
224.265625	10972	0.00973635353	208.193054
227.882813	10972	0.0402148478	210.103302
224.265625	10972	0.0319822393	217.425751
224.265625	10972	0.036228992		222.568359
224.265625	10972	0.0383902863	225.889938
227.882813	10972	0.0487259962	228.55658
224.265625	10972	0.0256820209	245.777069
224.265625	10972	0.0436189622	255.22197
227.882813	10972	0.0690530613	256.557678
224.265625	10972	0.0481617637	264.295105
224.265625	10972	0.0253586229	268.937531
224.265625	10972	0.0149590131	273.852936
224.265625	10972	0.0215643104	282.828247
224.265625	10972	0.0394900627	287.647583
224.265625	10972	0.0452573076	292.613342
224.265625	10972	0.0212211497	297.771301
224.265625	10972	0.0109436307	302.163116
224.265625	10972	0.00641427981	306.938293
224.265625	10972	0.0118603157	312.218994
224.265625	10972	0.0184169225	316.244324
224.265625	10972	0.0024270229	321.362946
224.265625	10972	0.027958937		325.258698
224.265625	10972	0.000181642245	335.770203
224.265625	10972	0.0137373926	340.389618
224.265625	10972	0.0388308726	345.579529
227.882813	10972	0.073972933		345.213654
224.265625	10972	0.0474393331	354.37735
224.265625	10972	0.000953057024	368.191833
224.265625	10972	0.0150980949	373.86676
224.265625	10972	0.00929388124	377.740143
224.265625	10972	0.0321945958	382.701324
224.265625	10972	0.0362475142	387.586243
224.265625	10972	0.0815857127	392.066376
224.265625	10972	0.0789672583	402.091187
224.265625	10972	0.0574659295	406.7836